20
5914 8558 6773 968 5333 3521 1270 6041 4091 2309 1332 4943 5641 8024 3223 6241 9661 1885 2743 8413
3326 5841 8313 6364 1788 7983 2011 7353 8570 6552 2947 36 7834 3357 5315 1010 9687 1359 9999 8567
2808 6586 4370 2486 9828 5292 5581 9128 9937 3788 8978 8347 770 7353 1201 9789 2768 2289 2817 4634
3351 4308 1489 9730 533 2215 782 1887 2846 9021 712 1397 6308 2195 1905 9354 8662 3515 8693 1672
1638 843 3808 5441 2367 1654 4893 2227 8422 5116 3195 5644 5584 8702 5909 3343 9589 8293 4657 119
51 3891 2216 3532 8550 8217 2120 3652 6023 3707 7703 4939 2531 1777 5849 342 1597 9887 7988 2229
7446 264 9314 3463 7612 894 4758 642 6657 7581 7154 483 9629 2569 1209 5843 1271 9333 4705 1739
5488 6101 4571 7401 8160 7078 9685 9187 7173 1340 6975 8523 153 525 1614 500 1475 189 1710 8804
3937 8904 9995 6011 7909 5335 9505 2147 5053 7517 850 6536 4792 145 4680 2169 7381 3906 1404 4672
270 54 6230 1711 1862 5363 2038 7419 3374 641 5555 6877 9710 3919 866 3526 9842 4453 2969 8131
5490 3114 7716 3682 4135 8968 2999 4228 9595 3949 3061 516 5153 6515 9713 5334 3973 3234 5732 371
9204 5523 206 1316 7263 9880 1728 3645 76 8635 9193 4125 7022 2069 6735 8146 7878 3216 2384 1506
281 1727 3754 8695 9620 428 9272 9275 8430 2034 2110 4837 1789 1788 1927 3218 8732 4109 3276 9703
8491 5810 4280 630 1863 7621 2538 384 1772 4451 2507 6570 5464 2896 8545 9442 1793 5177 9107 9124
490 5883 9325 4552 882 1138 7638 6622 1262 2293 4944 1597 824 3120 7760 7256 8311 1377 4031 4643
9569 6216 2000 1092 8943 408 5699 9549 3328 8899 8537 9577 8720 8341 7033 8741 5930 6191 1074 9137
6380 4647 4898 3015 2506 4158 4279 9323 9669 5011 1620 659 3646 5734 774 2458 6134 47 6056 6831
1735 6176 7539 2739 9464 7496 3626 3187 7773 7082 9397 6851 2318 8061 43 364 1433 7269 838 5718
858 5794 1682 266 8842 7751 6631 7153 4693 5966 887 1825 4224 810 137 5354 7915 4269 3463 7467
9716 2091 3813 2187 1692 1182 1555 9380 2430 8939 9557 3810 1805 6598 2097 2477 4157 5154 793 6307
3
10 20 30
40 20 10
60 10 20
3
10 15 20
30 40 50
60 80 99
0